{
    "customer_1": {
        "coordinates": {
            "x": 70.0,
            "y": 69.0
        },
        "demand": 0.0,
        "due_time": 50.0,
        "ready_time": 0.0,
        "service_time": 72.0
    },
    "customer_10": {
        "coordinates": {
            "x": 73.0,
            "y": 65.0
        },
        "demand": 0.0,
        "due_time": 450.0,
        "ready_time": 420.0,
        "service_time": 72.0
    },
    "customer_11": {
        "coordinates": {
            "x": 86.0,
            "y": 117.0
        },
        "demand": 0.0,
        "due_time": 450.0,
        "ready_time": 420.0,
        "service_time": 72.0
    },
    "customer_12": {
        "coordinates": {
            "x": 81.0,
            "y": 100.0
        },
        "demand": 0.0,
        "due_time": 630.0,
        "ready_time": 600.0,
        "service_time": 72.0
    },
    "customer_13": {
        "coordinates": {
            "x": 95.0,
            "y": 87.0
        },
        "demand": 0.0,
        "due_time": 810.0,
        "ready_time": 770.0,
        "service_time": 72.0
    },
    "customer_14": {
        "coordinates": {
            "x": 88.0,
            "y": 58.0
        },
        "demand": 0.0,
        "due_time": 540.0,
        "ready_time": 510.0,
        "service_time": 72.0
    },
    "customer_15": {
        "coordinates": {
            "x": 92.0,
            "y": 68.0
        },
        "demand": 0.0,
        "due_time": 630.0,
        "ready_time": 600.0,
        "service_time": 72.0
    },
    "customer_16": {
        "coordinates": {
            "x": 87.0,
            "y": 44.0
        },
        "demand": 0.0,
        "due_time": 50.0,
        "ready_time": 0.0,
        "service_time": 72.0
    },
    "customer_17": {
        "coordinates": {
            "x": 46.0,
            "y": 44.0
        },
        "demand": 0.0,
        "due_time": 155.0,
        "ready_time": 125.0,
        "service_time": 72.0
    },
    "customer_18": {
        "coordinates": {
            "x": 102.0,
            "y": 74.0
        },
        "demand": 0.0,
        "due_time": 260.0,
        "ready_time": 230.0,
        "service_time": 72.0
    },
    "customer_19": {
        "coordinates": {
            "x": 68.0,
            "y": 46.0
        },
        "demand": 0.0,
        "due_time": 155.0,
        "ready_time": 125.0,
        "service_time": 72.0
    },
    "customer_2": {
        "coordinates": {
            "x": 59.0,
            "y": 80.0
        },
        "demand": 0.0,
        "due_time": 50.0,
        "ready_time": 0.0,
        "service_time": 72.0
    },
    "customer_20": {
        "coordinates": {
            "x": 43.0,
            "y": 30.0
        },
        "demand": 0.0,
        "due_time": 260.0,
        "ready_time": 230.0,
        "service_time": 72.0
    },
    "customer_21": {
        "coordinates": {
            "x": 70.0,
            "y": 48.0
        },
        "demand": 0.0,
        "due_time": 260.0,
        "ready_time": 230.0,
        "service_time": 72.0
    },
    "customer_22": {
        "coordinates": {
            "x": 94.0,
            "y": 110.0
        },
        "demand": 0.0,
        "due_time": 540.0,
        "ready_time": 510.0,
        "service_time": 72.0
    },
    "customer_23": {
        "coordinates": {
            "x": 85.0,
            "y": 97.0
        },
        "demand": 0.0,
        "due_time": 900.0,
        "ready_time": 360.0,
        "service_time": 72.0
    },
    "customer_24": {
        "coordinates": {
            "x": 89.0,
            "y": 103.0
        },
        "demand": 0.0,
        "due_time": 540.0,
        "ready_time": 510.0,
        "service_time": 72.0
    },
    "customer_25": {
        "coordinates": {
            "x": 93.0,
            "y": 62.0
        },
        "demand": 0.0,
        "due_time": 450.0,
        "ready_time": 420.0,
        "service_time": 72.0
    },
    "customer_26": {
        "coordinates": {
            "x": 71.0,
            "y": 127.0
        },
        "demand": 0.0,
        "due_time": 540.0,
        "ready_time": 510.0,
        "service_time": 72.0
    },
    "customer_27": {
        "coordinates": {
            "x": 64.0,
            "y": 134.0
        },
        "demand": 0.0,
        "due_time": 630.0,
        "ready_time": 600.0,
        "service_time": 72.0
    },
    "customer_28": {
        "coordinates": {
            "x": 104.0,
            "y": 83.0
        },
        "demand": 0.0,
        "due_time": 630.0,
        "ready_time": 600.0,
        "service_time": 72.0
    },
    "customer_29": {
        "coordinates": {
            "x": 103.0,
            "y": 89.0
        },
        "demand": 0.0,
        "due_time": 720.0,
        "ready_time": 685.0,
        "service_time": 72.0
    },
    "customer_3": {
        "coordinates": {
            "x": 60.0,
            "y": 79.0
        },
        "demand": 0.0,
        "due_time": 155.0,
        "ready_time": 125.0,
        "service_time": 72.0
    },
    "customer_30": {
        "coordinates": {
            "x": 72.0,
            "y": 9.0
        },
        "demand": 0.0,
        "due_time": 720.0,
        "ready_time": 685.0,
        "service_time": 72.0
    },
    "customer_31": {
        "coordinates": {
            "x": 98.0,
            "y": 53.0
        },
        "demand": 0.0,
        "due_time": 50.0,
        "ready_time": 0.0,
        "service_time": 72.0
    },
    "customer_32": {
        "coordinates": {
            "x": 107.0,
            "y": 42.0
        },
        "demand": 0.0,
        "due_time": 155.0,
        "ready_time": 125.0,
        "service_time": 72.0
    },
    "customer_33": {
        "coordinates": {
            "x": 6.0,
            "y": 151.0
        },
        "demand": 0.0,
        "due_time": 50.0,
        "ready_time": 0.0,
        "service_time": 72.0
    },
    "customer_34": {
        "coordinates": {
            "x": 3.0,
            "y": 136.0
        },
        "demand": 0.0,
        "due_time": 155.0,
        "ready_time": 125.0,
        "service_time": 72.0
    },
    "customer_35": {
        "coordinates": {
            "x": 76.0,
            "y": 105.0
        },
        "demand": 0.0,
        "due_time": 450.0,
        "ready_time": 420.0,
        "service_time": 72.0
    },
    "customer_36": {
        "coordinates": {
            "x": 89.0,
            "y": 28.0
        },
        "demand": 0.0,
        "due_time": 360.0,
        "ready_time": 330.0,
        "service_time": 72.0
    },
    "customer_37": {
        "coordinates": {
            "x": 87.0,
            "y": 28.0
        },
        "demand": 0.0,
        "due_time": 450.0,
        "ready_time": 420.0,
        "service_time": 72.0
    },
    "customer_38": {
        "coordinates": {
            "x": 102.0,
            "y": 3.0
        },
        "demand": 0.0,
        "due_time": 630.0,
        "ready_time": 600.0,
        "service_time": 72.0
    },
    "customer_4": {
        "coordinates": {
            "x": 78.0,
            "y": 93.0
        },
        "demand": 0.0,
        "due_time": 260.0,
        "ready_time": 230.0,
        "service_time": 72.0
    },
    "customer_5": {
        "coordinates": {
            "x": 88.0,
            "y": 77.0
        },
        "demand": 0.0,
        "due_time": 360.0,
        "ready_time": 330.0,
        "service_time": 72.0
    },
    "customer_6": {
        "coordinates": {
            "x": 73.0,
            "y": 59.0
        },
        "demand": 0.0,
        "due_time": 360.0,
        "ready_time": 330.0,
        "service_time": 72.0
    },
    "customer_7": {
        "coordinates": {
            "x": 59.0,
            "y": 99.0
        },
        "demand": 0.0,
        "due_time": 360.0,
        "ready_time": 330.0,
        "service_time": 72.0
    },
    "customer_8": {
        "coordinates": {
            "x": 52.0,
            "y": 102.0
        },
        "demand": 0.0,
        "due_time": 260.0,
        "ready_time": 230.0,
        "service_time": 72.0
    },
    "customer_9": {
        "coordinates": {
            "x": 65.0,
            "y": 109.0
        },
        "demand": 0.0,
        "due_time": 360.0,
        "ready_time": 330.0,
        "service_time": 72.0
    },
    "depart": {
        "coordinates": {
            "x": 85.0,
            "y": 85.0
        },
        "demand": 0.0,
        "due_time": 900.0,
        "ready_time": 0.0,
        "service_time": 0.0
    },
    "distance_matrix": [
        [
            0.0,
            21.93171219946131,
            26.476404589747453,
            25.709920264364882,
            10.63014581273465,
            8.54400374531753,
            28.635642126552707,
            29.5296461204668,
            37.12142238654117,
            31.240998703626616,
            23.323807579381203,
            32.01562118716424,
            15.524174696260024,
            10.198039027185569,
            27.16615541441225,
            18.384776310850235,
            41.048751503547585,
            56.586217403180434,
            20.248456731316587,
            42.5440947723653,
            69.20260110718382,
            39.92492955535426,
            26.570660511172846,
            12.0,
            18.439088914585774,
            24.351591323771842,
            44.27188724235731,
            53.31041174104736,
            19.1049731745428,
            18.439088914585774,
            77.10382610480494,
            34.539832078341085,
            48.30113870293329,
            102.9417310909429,
            96.56603957913983,
            21.93171219946131,
            57.14017850864661,
            57.0350769263968,
            83.74365647617735
        ],
        [
            21.93171219946131,
            0.0,
            15.556349186104045,
            14.142135623730951,
            25.298221281347036,
            19.697715603592208,
            10.44030650891055,
            31.953090617340916,
            37.589892258425,
            40.311288741492746,
            5.0,
            50.59644256269407,
            32.89376840679705,
            30.805843601498726,
            21.095023109728988,
            22.02271554554524,
            30.23243291566195,
            34.655446902326915,
            32.38826948140329,
            23.08679276123039,
            47.43416490252569,
            21.0,
            47.50789408087881,
            31.76476034853718,
            38.948684188300895,
            24.041630560342615,
            58.008620049092706,
            65.27633568147036,
            36.76955262170047,
            38.58756276314948,
            60.03332407921454,
            32.2490309931942,
            45.803929962395145,
            104.01922899156675,
            94.75230867899737,
            36.49657518178932,
            45.18849411078001,
            44.384682042344295,
            73.348483283569
        ],
        [
            26.476404589747453,
            15.556349186104045,
            0.0,
            1.4142135623730951,
            23.021728866442675,
            29.154759474226502,
            25.238858928247925,
            19.0,
            23.08679276123039,
            29.614185789921695,
            20.518284528683193,
            45.803929962395145,
            29.732137494637012,
            36.6742416417845,
            36.40054944640259,
            35.11409973215888,
            45.60701700396552,
            38.27531841800928,
            43.41658669218482,
            35.17101079013795,
            52.49761899362675,
            33.83784863137726,
            46.09772228646444,
            31.064449134018133,
            37.8021163428716,
            38.47076812334269,
            48.507731342539614,
            54.230987451824994,
            45.09988913511872,
            44.91102314577124,
            72.18032973047436,
            47.43416490252569,
            61.220911460055866,
            88.60022573334675,
            79.19595949289332,
            30.23243291566195,
            60.03332407921454,
            59.0592922409336,
            88.19297024139736
        ],
        [
            25.709920264364882,
            14.142135623730951,
            1.4142135623730951,
            0.0,
            22.80350850198276,
            28.071337695236398,
            23.853720883753127,
            20.024984394500787,
            24.351591323771842,
            30.4138126514911,
            19.1049731745428,
            46.04345773288535,
            29.698484809834994,
            35.90264614203248,
            35.0,
            33.83784863137726,
            44.204072210600685,
            37.69615364994153,
            42.2965719651132,
            33.95585369269929,
            51.86520991955976,
            32.57299494980466,
            46.010868281309364,
            30.805843601498726,
            37.64306044943742,
            37.12142238654117,
            49.24428900898052,
            55.14526271584895,
            44.181444068749045,
            44.14748010928823,
            71.02112361825881,
            46.04345773288535,
            59.81638571495272,
            90.0,
            80.61017305526642,
            30.528675044947494,
            58.66856057549052,
            57.706152185014034,
            86.83317338436964
        ],
        [
            10.63014581273465,
            25.298221281347036,
            23.021728866442675,
            22.80350850198276,
            0.0,
            18.867962264113206,
            34.36568055487916,
            19.924858845171276,
            27.51363298439521,
            20.615528128088304,
            28.442925306655784,
            25.298221281347036,
            7.615773105863909,
            18.027756377319946,
            36.40054944640259,
            28.653097563788805,
            49.8196748283246,
            58.52349955359813,
            30.610455730027933,
            48.05205510693585,
            72.069410986909,
            45.70557952810576,
            23.345235059857504,
            8.06225774829855,
            14.866068747318506,
            34.438350715445125,
            34.713109915419565,
            43.32435804486894,
            27.85677655436824,
            25.317977802344327,
            84.2140130857092,
            44.721359549995796,
            58.66856057549052,
            92.45539465060976,
            86.45229898620394,
            12.165525060596439,
            65.92419889539804,
            65.62011886609167,
            93.14504817756014
        ],
        [
            8.54400374531753,
            19.697715603592208,
            29.154759474226502,
            28.071337695236398,
            18.867962264113206,
            0.0,
            23.430749027719962,
            36.40054944640259,
            43.829214001622255,
            39.408120990476064,
            19.209372712298546,
            40.049968789001575,
            24.041630560342615,
            12.206555615733702,
            19.0,
            9.848857801796104,
            33.015148038438355,
            53.41348144429457,
            14.317821063276353,
            36.89173349139343,
            65.06919393998976,
            34.132096331752024,
            33.54101966249684,
            20.223748416156685,
            26.019223662515376,
            15.811388300841896,
            52.81098370604357,
            61.84658438426491,
            17.08800749063506,
            19.209372712298546,
            69.85699678629192,
            26.0,
            39.824615503479755,
            110.45361017187261,
            103.46980235798269,
            30.463092423455635,
            49.01020301937138,
            49.01020301937138,
            75.31268153505093
        ],
        [
            28.635642126552707,
            10.44030650891055,
            25.238858928247925,
            23.853720883753127,
            34.36568055487916,
            23.430749027719962,
            0.0,
            42.37924020083418,
            47.853944456021594,
            50.635955604688654,
            6.0,
            59.43904440685432,
            41.773197148410844,
            35.608987629529715,
            15.033296378372908,
            21.02379604162864,
            20.518284528683193,
            30.886890422961002,
            32.64965543462902,
            13.92838827718412,
            41.72529209005013,
            11.40175425099138,
            55.154328932550705,
            39.84971769034255,
            46.8187996428785,
            20.223748416156685,
            68.0294054067798,
            75.53806987208503,
            39.20459156782532,
            42.42640687119285,
            50.00999900019995,
            25.709920264364882,
            38.01315561749642,
            113.81124724736128,
            104.06248123122954,
            46.09772228646444,
            34.88552708502482,
            34.0147027033899,
            63.06346010171025
        ],
        [
            29.5296461204668,
            31.953090617340916,
            19.0,
            20.024984394500787,
            19.924858845171276,
            36.40054944640259,
            42.37924020083418,
            0.0,
            7.615773105863909,
            11.661903789690601,
            36.76955262170047,
            32.449961479175904,
            22.02271554554524,
            37.94733192202055,
            50.21951811795888,
            45.27692569068709,
            61.71709649683789,
            56.515484603779164,
            49.73932046178355,
            53.75872022286245,
            70.83078426785913,
            52.172789842982326,
            36.68787265568828,
            26.076809620810597,
            30.265491900843113,
            50.24937810560445,
            30.463092423455635,
            35.35533905932738,
            47.75981574503821,
            45.12205669071391,
            90.93404203047393,
            60.30754513325841,
            74.51845409024533,
            74.24957912338628,
            67.11929677819934,
            18.027756377319946,
            77.07788269017254,
            76.32168761236873,
            105.19030373565806
        ],
        [
            37.12142238654117,
            37.589892258425,
            23.08679276123039,
            24.351591323771842,
            27.51363298439521,
            43.829214001622255,
            47.853944456021594,
            7.615773105863909,
            0.0,
            14.7648230602334,
            42.5440947723653,
            37.16180835212409,
            29.068883707497267,
            45.5411901469428,
            56.85068161420758,
            52.49761899362675,
            67.7421582177598,
            58.309518948453004,
            57.30619512757761,
            58.240879114244144,
            72.56031973468694,
            56.92099788303083,
            42.7551166528639,
            33.37663853655727,
            37.013511046643494,
            57.28001396647874,
            31.400636936215164,
            34.17601498127012,
            55.362442142665635,
            52.630789467763066,
            95.12623192369179,
            67.20863039818622,
            81.39410298049853,
            67.20863039818622,
            59.64059020499378,
            24.186773244895647,
            82.73451516749222,
            81.85963596303125,
            110.90987332063814
        ],
        [
            31.240998703626616,
            40.311288741492746,
            29.614185789921695,
            30.4138126514911,
            20.615528128088304,
            39.408120990476064,
            50.635955604688654,
            11.661903789690601,
            14.7648230602334,
            0.0,
            44.721359549995796,
            22.47220505424423,
            18.35755975068582,
            37.20215047547655,
            55.94640292279746,
            49.09175083453431,
            68.62215385719105,
            67.72001181334805,
            50.93132631298737,
            63.071388124885914,
            82.00609733428362,
            61.204574992397426,
            29.017236257093817,
            23.323807579381203,
            24.73863375370596,
            54.70831746635972,
            18.973665961010276,
            25.019992006393608,
            46.87216658103186,
            42.941821107167776,
            100.24470060806208,
            65.0,
            79.07591289387686,
            72.42237223399962,
            67.62396025078685,
            11.704699910719626,
            84.48076704197234,
            83.93449827097318,
            112.27199116431488
        ],
        [
            23.323807579381203,
            5.0,
            20.518284528683193,
            19.1049731745428,
            28.442925306655784,
            19.209372712298546,
            6.0,
            36.76955262170047,
            42.5440947723653,
            44.721359549995796,
            0.0,
            53.600373133029585,
            35.90264614203248,
            31.11269837220809,
            16.55294535724685,
            19.235384061671343,
            25.238858928247925,
            34.20526275297414,
            30.364452901377952,
            19.6468827043885,
            46.09772228646444,
            17.26267650163207,
            49.658836071740545,
            34.17601498127012,
            41.23105625617661,
            20.223748416156685,
            62.03224967708329,
            69.58448102845921,
            35.84689665786984,
            38.41874542459709,
            56.00892785976178,
            27.730849247724095,
            41.048751503547585,
            109.01834707974616,
            99.70456358662827,
            40.11234224026316,
            40.311288741492746,
            39.56008088970496,
            68.4470598345904
        ],
        [
            32.01562118716424,
            50.59644256269407,
            45.803929962395145,
            46.04345773288535,
            25.298221281347036,
            40.049968789001575,
            59.43904440685432,
            32.449961479175904,
            37.16180835212409,
            22.47220505424423,
            53.600373133029585,
            0.0,
            17.72004514666935,
            31.32091952673165,
            59.033888572581766,
            49.36598018878993,
            73.00684899377592,
            83.24061508662703,
            45.880278987817846,
            73.24616030891995,
            97.04638066409278,
            70.83078426785913,
            10.63014581273465,
            20.024984394500787,
            14.317821063276353,
            55.44366510251645,
            18.027756377319946,
            27.80287754891569,
            38.47076812334269,
            32.7566787083184,
            108.90362712049586,
            65.11528238439882,
            77.88452991448301,
            86.92525524840292,
            85.14693182963201,
            15.620499351813308,
            89.05054744357274,
            89.00561780022652,
            115.11733144926528
        ],
        [
            15.524174696260024,
            32.89376840679705,
            29.732137494637012,
            29.698484809834994,
            7.615773105863909,
            24.041630560342615,
            41.773197148410844,
            22.02271554554524,
            29.068883707497267,
            18.35755975068582,
            35.90264614203248,
            17.72004514666935,
            0.0,
            19.1049731745428,
            42.579337712087536,
            33.83784863137726,
            56.32051136131489,
            66.03786792439622,
            33.421549934136806,
            55.54277630799526,
            79.64923100695951,
            53.150729063673246,
            16.401219466856727,
            5.0,
            8.54400374531753,
            39.84971769034255,
            28.792360097775937,
            38.01315561749642,
            28.600699292150182,
            24.596747752497688,
            91.44397191723465,
            49.9799959983992,
            63.56099432828282,
            90.69729874698585,
            85.90692637965812,
            7.0710678118654755,
            72.44308110509934,
            72.24956747275377,
            99.24716620639605
        ],
        [
            10.198039027185569,
            30.805843601498726,
            36.6742416417845,
            35.90264614203248,
            18.027756377319946,
            12.206555615733702,
            35.608987629529715,
            37.94733192202055,
            45.5411901469428,
            37.20215047547655,
            31.11269837220809,
            31.32091952673165,
            19.1049731745428,
            0.0,
            29.832867780352597,
            19.235384061671343,
            43.73785545725808,
            65.19202405202648,
            14.7648230602334,
            49.09175083453431,
            77.15568676384133,
            46.32493928760188,
            23.021728866442675,
            14.142135623730951,
            17.08800749063506,
            25.079872407968907,
            46.647615158762406,
            56.302753041036986,
            9.848857801796104,
            8.246211251235321,
            81.32035415564789,
            34.132096331752024,
            46.57252408878007,
            109.62207806824317,
            104.23531071570709,
            26.1725046566048,
            59.30430001273095,
            59.53990258641679,
            84.29116205154607
        ],
        [
            27.16615541441225,
            21.095023109728988,
            36.40054944640259,
            35.0,
            36.40054944640259,
            19.0,
            15.033296378372908,
            50.21951811795888,
            56.85068161420758,
            55.94640292279746,
            16.55294535724685,
            59.033888572581766,
            42.579337712087536,
            29.832867780352597,
            0.0,
            10.770329614269007,
            14.035668847618199,
            44.27188724235731,
            21.2602916254693,
            23.323807579381203,
            53.0,
            20.591260281974,
            52.3450093132096,
            39.11521443121589,
            45.01110973970759,
            6.4031242374328485,
            71.06335201775948,
            79.6994353806851,
            29.68164415931166,
            34.438350715445125,
            51.54609587543949,
            11.180339887498949,
            24.839484696748443,
            123.98790263570072,
            115.36463929644994,
            48.507731342539614,
            30.01666203960727,
            30.01666203960727,
            56.753854494650845
        ],
        [
            18.384776310850235,
            22.02271554554524,
            35.11409973215888,
            33.83784863137726,
            28.653097563788805,
            9.848857801796104,
            21.02379604162864,
            45.27692569068709,
            52.49761899362675,
            49.09175083453431,
            19.235384061671343,
            49.36598018878993,
            33.83784863137726,
            19.235384061671343,
            10.770329614269007,
            0.0,
            24.515301344262525,
            51.884487084291386,
            11.661903789690601,
            32.55764119219941,
            62.00806399170998,
            29.732137494637012,
            42.04759208325728,
            29.832867780352597,
            35.12833614050059,
            6.082762530298219,
            62.625873247404705,
            71.69379331573968,
            19.209372712298546,
            23.706539182259394,
            62.297672508690084,
            16.15549442140351,
            30.01666203960727,
            119.5198728245642,
            112.0044641967453,
            40.311288741492746,
            40.11234224026316,
            40.311288741492746,
            65.76473218982953
        ],
        [
            41.048751503547585,
            30.23243291566195,
            45.60701700396552,
            44.204072210600685,
            49.8196748283246,
            33.015148038438355,
            20.518284528683193,
            61.71709649683789,
            67.7421582177598,
            68.62215385719105,
            25.238858928247925,
            73.00684899377592,
            56.32051136131489,
            43.73785545725808,
            14.035668847618199,
            24.515301344262525,
            0.0,
            41.0,
            33.54101966249684,
            19.1049731745428,
            46.17358552246078,
            17.46424919657298,
            66.37017402418047,
            53.03772242470448,
            59.033888572581766,
            18.973665961010276,
            84.52810183601665,
            92.89241088485109,
            42.5440947723653,
            47.75981574503821,
            38.07886552931954,
            14.212670403551895,
            20.09975124224178,
            134.2013412749664,
            124.57929201917949,
            61.98386886924694,
            16.1245154965971,
            16.0,
            43.657759905886145
        ],
        [
            56.586217403180434,
            34.655446902326915,
            38.27531841800928,
            37.69615364994153,
            58.52349955359813,
            53.41348144429457,
            30.886890422961002,
            56.515484603779164,
            58.309518948453004,
            67.72001181334805,
            34.20526275297414,
            83.24061508662703,
            66.03786792439622,
            65.19202405202648,
            44.27188724235731,
            51.884487084291386,
            41.0,
            0.0,
            63.52952069707436,
            22.090722034374522,
            14.317821063276353,
            24.331050121192877,
            81.60882305241266,
            65.80273550544841,
            73.00684899377592,
            50.32891812864648,
            86.68333173107735,
            91.78235124467012,
            69.8927750200262,
            72.62231062146122,
            43.60045871318328,
            52.773099207835045,
            61.032778078668514,
            114.23221962301179,
            101.55294185792945,
            67.97793759742936,
            45.880278987817846,
            44.01136216933077,
            69.40461079784254
        ],
        [
            20.248456731316587,
            32.38826948140329,
            43.41658669218482,
            42.2965719651132,
            30.610455730027933,
            14.317821063276353,
            32.64965543462902,
            49.73932046178355,
            57.30619512757761,
            50.93132631298737,
            30.364452901377952,
            45.880278987817846,
            33.421549934136806,
            14.7648230602334,
            21.2602916254693,
            11.661903789690601,
            33.54101966249684,
            63.52952069707436,
            0.0,
            44.04543109109048,
            73.60027173862879,
            41.23105625617661,
            36.87817782917155,
            28.600699292150182,
            31.78049716414141,
            15.0,
            61.40032573203501,
            71.02112361825881,
            9.219544457292887,
            15.033296378372908,
            71.58910531638176,
            21.37755832643195,
            32.38826948140329,
            123.06502346320826,
            116.81181447096864,
            40.45985664828782,
            47.80167361086848,
            48.38388161361178,
            71.0
        ],
        [
            42.5440947723653,
            23.08679276123039,
            35.17101079013795,
            33.95585369269929,
            48.05205510693585,
            36.89173349139343,
            13.92838827718412,
            53.75872022286245,
            58.240879114244144,
            63.071388124885914,
            19.6468827043885,
            73.24616030891995,
            55.54277630799526,
            49.09175083453431,
            23.323807579381203,
            32.55764119219941,
            19.1049731745428,
            22.090722034374522,
            44.04543109109048,
            0.0,
            29.68164415931166,
            2.8284271247461903,
            69.07966415668217,
            53.75872022286245,
            60.74537019394976,
            29.68164415931166,
            81.05553651663777,
            88.09086218218096,
            51.62363799656123,
            55.44366510251645,
            37.21558813185679,
            30.805843601498726,
            39.20459156782532,
            121.93850909372314,
            111.01801655587259,
            59.53990258641679,
            27.65863337187866,
            26.1725046566048,
            54.817880294662984
        ],
        [
            69.20260110718382,
            47.43416490252569,
            52.49761899362675,
            51.86520991955976,
            72.069410986909,
            65.06919393998976,
            41.72529209005013,
            70.83078426785913,
            72.56031973468694,
            82.00609733428362,
            46.09772228646444,
            97.04638066409278,
            79.64923100695951,
            77.15568676384133,
            53.0,
            62.00806399170998,
            46.17358552246078,
            14.317821063276353,
            73.60027173862879,
            29.68164415931166,
            0.0,
            32.449961479175904,
            94.87360012142472,
            79.07591289387686,
            86.28441342444185,
            59.36328831862332,
            100.96038827183659,
            106.09901036296239,
            80.8084154033477,
            84.1486779456457,
            35.805027579936315,
            59.61543424315552,
            65.11528238439882,
            126.53062870309307,
            113.29607230614837,
            81.93900170248598,
            46.04345773288535,
            44.04543109109048,
            64.88451279003334
        ],
        [
            39.92492955535426,
            21.0,
            33.83784863137726,
            32.57299494980466,
            45.70557952810576,
            34.132096331752024,
            11.40175425099138,
            52.172789842982326,
            56.92099788303083,
            61.204574992397426,
            17.26267650163207,
            70.83078426785913,
            53.150729063673246,
            46.32493928760188,
            20.591260281974,
            29.732137494637012,
            17.46424919657298,
            24.331050121192877,
            41.23105625617661,
            2.8284271247461903,
            32.449961479175904,
            0.0,
            66.48308055437865,
            51.24451190127583,
            58.18934610390462,
            26.92582403567252,
            79.00632886041473,
            86.20904824900923,
            48.79549159502341,
            52.630789467763066,
            39.05124837953327,
            28.442925306655784,
            37.48332962798263,
            121.26417442921878,
            110.60289327137876,
            57.3149195236284,
            27.586228448267445,
            26.248809496813376,
            55.21775076911409
        ],
        [
            26.570660511172846,
            47.50789408087881,
            46.09772228646444,
            46.010868281309364,
            23.345235059857504,
            33.54101966249684,
            55.154328932550705,
            36.68787265568828,
            42.7551166528639,
            29.017236257093817,
            49.658836071740545,
            10.63014581273465,
            16.401219466856727,
            23.021728866442675,
            52.3450093132096,
            42.04759208325728,
            66.37017402418047,
            81.60882305241266,
            36.87817782917155,
            69.07966415668217,
            94.87360012142472,
            66.48308055437865,
            0.0,
            15.811388300841896,
            8.602325267042627,
            48.010415536631214,
            28.600699292150182,
            38.41874542459709,
            28.792360097775937,
            22.847319317591726,
            103.36827366266692,
            57.14017850864661,
            69.2314957226839,
            97.082439194738,
            94.64142856064674,
            18.681541692269406,
            82.15229759416349,
            82.29823813423954,
            107.29864864013899
        ],
        [
            12.0,
            31.76476034853718,
            31.064449134018133,
            30.805843601498726,
            8.06225774829855,
            20.223748416156685,
            39.84971769034255,
            26.076809620810597,
            33.37663853655727,
            23.323807579381203,
            34.17601498127012,
            20.024984394500787,
            5.0,
            14.142135623730951,
            39.11521443121589,
            29.832867780352597,
            53.03772242470448,
            65.80273550544841,
            28.600699292150182,
            53.75872022286245,
            79.07591289387686,
            51.24451190127583,
            15.811388300841896,
            0.0,
            7.211102550927978,
            35.90264614203248,
            33.1058907144937,
            42.5440947723653,
            23.600847442411894,
            19.697715603592208,
            88.95504482602435,
            45.880278987817846,
            59.23681287847955,
            95.69221493935649,
            90.80198235721508,
            12.041594578792296,
            69.1158447825099,
            69.02897942168927,
            95.524865872714
        ],
        [
            18.439088914585774,
            38.948684188300895,
            37.8021163428716,
            37.64306044943742,
            14.866068747318506,
            26.019223662515376,
            46.8187996428785,
            30.265491900843113,
            37.013511046643494,
            24.73863375370596,
            41.23105625617661,
            14.317821063276353,
            8.54400374531753,
            17.08800749063506,
            45.01110973970759,
            35.12833614050059,
            59.033888572581766,
            73.00684899377592,
            31.78049716414141,
            60.74537019394976,
            86.28441342444185,
            58.18934610390462,
            8.602325267042627,
            7.211102550927978,
            0.0,
            41.19465984809196,
            30.0,
            39.824615503479755,
            25.0,
            19.79898987322333,
            95.524865872714,
            50.80354318352215,
            63.60031446463138,
            95.88013350011565,
            92.11405973031478,
            13.152946437965905,
            75.0,
            75.02666192761077,
            100.84145972763385
        ],
        [
            24.351591323771842,
            24.041630560342615,
            38.47076812334269,
            37.12142238654117,
            34.438350715445125,
            15.811388300841896,
            20.223748416156685,
            50.24937810560445,
            57.28001396647874,
            54.70831746635972,
            20.223748416156685,
            55.44366510251645,
            39.84971769034255,
            25.079872407968907,
            6.4031242374328485,
            6.082762530298219,
            18.973665961010276,
            50.32891812864648,
            15.0,
            29.68164415931166,
            59.36328831862332,
            26.92582403567252,
            48.010415536631214,
            35.90264614203248,
            41.19465984809196,
            0.0,
            68.62215385719105,
            77.62087348130012,
            23.706539182259394,
            28.792360097775937,
            57.0087712549569,
            10.295630140987,
            24.413111231467404,
            124.45882853377658,
            116.51609330903607,
            46.238512086787566,
            34.23448553724738,
            34.52535300326414,
            59.682493245507096
        ],
        [
            44.27188724235731,
